alpha: 1.3884683086635008
colsample_bylevel: 0.5947493491744197
colsample_bynode: 0.5005800638345057
colsample_bytree: 0.5029424347667668
gamma: 0.732231382072423
lambda: 1.7566776986932284
learning_rate: 0.031606971327677424
max_depth: 3
min_child_weight: 5
n_estimators: 400
scale_pos_weight: 7.82570379471517
subsample: 0.5987991920636496
