alpha: 1.107451370276128
colsample_bylevel: 0.5971145787915139
colsample_bynode: 0.7857655934961322
colsample_bytree: 0.7511925081541688
gamma: 0.34440634642696893
lambda: 3.234025668819431
learning_rate: 0.06495922101635214
max_depth: 3
min_child_weight: 8
n_estimators: 350
scale_pos_weight: 8.581972609882387
subsample: 0.9905139693613071
