alpha: 1.720836869251341
colsample_bylevel: 0.6738509704121127
colsample_bynode: 0.7913736831955694
colsample_bytree: 0.5881910685621583
gamma: 0.8880409249005861
lambda: 4.709225725386639
learning_rate: 0.07217812966374683
max_depth: 2
min_child_weight: 2
n_estimators: 200
scale_pos_weight: 16.72860122236466
subsample: 0.5336201815207012
