alpha: 0.8951052008017422
colsample_bylevel: 0.7940995220036935
colsample_bynode: 0.6073698636722824
colsample_bytree: 0.7490445022014078
gamma: 0.46379592991608054
lambda: 4.162477355688708
learning_rate: 0.08036385021322487
max_depth: 1
min_child_weight: 9
n_estimators: 150
scale_pos_weight: 14.14269789313371
subsample: 0.8915923711289209
