alpha: 1.4435356620187172
colsample_bylevel: 0.7079451924060602
colsample_bynode: 0.786844733752796
colsample_bytree: 0.510532409891821
gamma: 0.5143195696116898
lambda: 3.6928610613347277
learning_rate: 0.1343096566124184
max_depth: 2
min_child_weight: 3
n_estimators: 500
scale_pos_weight: 15.068554510258279
subsample: 0.8636495476503965
